1111111111111111111111111111111111111111110001111111111111111111
1111111111111111111111111111111111111111000001111111111111111111
1111111111111111111111111111111111111100000001111111111111111111
1111111111111111111111111111111111111000000001111111111111111111
1111111111111111111111111111111111110000000011111111111111111111
1111111111111111111111111111111111100000000011111111111111111111
1111111111111111111111111111111111000000000011111111111111111111
1111111111111111111111111111111111000000000111111111111111111111
1111111111111111111111111111111110000000000111111111111111111111
1111111111111111111111111111111110000000001111111111111111111111
1111111111111111111111111111111100000000011111111111111111111111
1111111111111111111111111111111100000000111111111111111111111111
1111111111111111111111111111111100000001111111111111111111111111
1111111111111111111111111111111100000111111111111111111111111111
1111111111111111111111111111111100011111111111111111111111111111
1111111111111111111111111111111111111111111011111111111111111111
1111111111111111100000000011111111111100000000000111111111111111
1111111111111110000000000000011111110000000000000000111111111111
1111111111111000000000000000000000000000000000000000011111111111
1111111111110000000000000000000000000000000000000000001111111111
1111111111100000000000000000000000000000000000000000000111111111
1111111111000000000000000000000000000000000000000000000011111111
1111111110000000000000000000000000000000000000000000000111111111
1111111110000000000000000000000000000000000000000000001111111111
1111111100000000000000000000000000000000000000000000011111111111
1111111100000000000000000000000000000000000000000000111111111111
1111111000000000000000000000000000000000000000000000111111111111
1111111000000000000000000000000000000000000000000001111111111111
1111111000000000000000000000000000000000000000000001111111111111
1111111000000000000000000000000000000000000000000011111111111111
1111110000000000000000000000000000000000000000000011111111111111
1111110000000000000000000000000000000000000000000011111111111111
1111110000000000000000000000000000000000000000000011111111111111
1111110000000000000000000000000000000000000000000111111111111111
1111110000000000000000000000000000000000000000000111111111111111
1111110000000000000000000000000000000000000000000011111111111111
1111110000000000000000000000000000000000000000000011111111111111
1111110000000000000000000000000000000000000000000011111111111111
1111110000000000000000000000000000000000000000000011111111111111
1111110000000000000000000000000000000000000000000011111111111111
1111111000000000000000000000000000000000000000000001111111111111
1111111000000000000000000000000000000000000000000000111111111111
1111111000000000000000000000000000000000000000000000111111111111
1111111000000000000000000000000000000000000000000000011111111111
1111111100000000000000000000000000000000000000000000001111111111
1111111100000000000000000000000000000000000000000000000111111111
1111111100000000000000000000000000000000000000000000000001111111
1111111100000000000000000000000000000000000000000000000000111111
1111111110000000000000000000000000000000000000000000000001111111
1111111110000000000000000000000000000000000000000000000001111111
1111111111000000000000000000000000000000000000000000000001111111
1111111111000000000000000000000000000000000000000000000011111111
1111111111100000000000000000000000000000000000000000000011111111
1111111111100000000000000000000000000000000000000000000111111111
1111111111110000000000000000000000000000000000000000001111111111
1111111111110000000000000000000000000000000000000000001111111111
1111111111111000000000000000000000000000000000000000011111111111
1111111111111100000000000000000000000000000000000000011111111111
1111111111111110000000000000000000000000000000000000111111111111
1111111111111110000000000000000000000000000000000001111111111111
1111111111111111000000000000000000000000000000000011111111111111
1111111111111111100000000000000011100000000000000111111111111111
1111111111111111111000000000111111111100000000001111111111111111
1111111111111111111110000111111111111111100000111111111111111111
