1111111111111111111111111111111111111111111111111111111111111111
1111111111111111111111111110111111111111111111111111111111111111
1111111111111111111111111100011111111001111111111111111111111111
1111111111111111111111111100000111111001111111111111111111111111
1111111111111111110111111111000111111100011111111111111111111111
1111111111111111100011111111101000111100011111111111111111111111
1111111111111111100001111111111000111110011111000111111111111111
1111111111111111110000001101111111001111100111000111111111111111
1111111111111111111111001001111111001111100111110111111111111111
1111111111111111111111111001001111100011110111110011111111111111
1111111111001111111111111111000111110011110001110011111111111111
1111111110000111100110111111100011110011110001111111111111111111
1111111111000000100100000111110011110011111001111001111111111111
1111111111100000100110100011110011100111110001111001111001111111
1111111111111111111111110001110111100111000011111001110001111111
1111111111111111111111111011101100110010010111111001111011111111
1111111111111111100111111011100110110011011111110001111011111111
1111101111111100100000111010110010011010011001000011110001111111
1111000111100100111100110110011101111011011011000111111001111111
1111000000000111111110110011001101100111111011111111111011111111
1111100000111111111110111001111011101111001011001111110001111111
1111111111111111011110001111011011101110011111011001100011111111
1111111111111010000111100011011101111110111111011000000111111111
1111111111110001110010111011001111100100111000010010000111100011
1111111111011111111010001101110110111111110011110011111111100011
1100111111001111111111101110111111110101110111111110111111100111
1000111101011111111100010111111011110111101111111100011111000111
1100000000111110000111111011111111111111101110000101100111000111
1110000001111001100010101110111101111101111100011001100000001111
1111000111111011111000101111101111011111011101111101100000011111
1111111111100111111111110101010000101111111111111110011001111111
1111111111100111101100011111110110101110110011110110011111111111
1111111111111110000011110101110110101011111111000001111111111111
1101111110011110111100011111010000101111101111001001100111111011
1000111110011111111111100111101111011110111100111111100111110001
1000011000111001111010001010110000110111110111111110010001100001
1110000000111001100010100101001111001010010111111110010000000111
1111000001111111100111111100100000111111111110100111111000001111
1111110111110011001111001010001111110111110110000011001110111111
1111111111110011001110011101110001111010010111111001001111111111
1111111111111111111110111011001111011111111111111001111111111111
1110001111100111011100111011011011111111111111111101100111111111
1110001111100111001111110111011101110100100100011111000111111111
1110000000000111111111111111111101111101100100001100100111011111
1111110000001111111100110011001110011111111111001100100000001111
1111111100011111001111110011111111110111111111001111110000001111
1111111111111111001111111111110011110110011111101101111101111111
1111111111111111001110011100110111111110000111001000111111111111
1111111001111111001111111101111100111111100011001101111111111111
1111110001001100001111001111011110101111110011111001111111111111
1111111111000000011111001111001111100111110010011000111111111111
1111111111111001111111001111100111110011100010011000011111111111
1111111111111111111111000111100111110011110111011100001111111111
1111111111110011111110001111100111110011001100111110001111111111
1111111111110000001000011111100111100011001100111111111111111111
1111111111110010001001111111001111001111111100111111111111111111
1111111111111111111111111001001111001100111000111111111111111111
1111111111111111111010001001111000111100111000111111111111111111
1111111111111111110000001111101000110011111000111111111111111111
1111111111111111110001111111000111110011111100111111111111111111
1111111111111111111111111100000111100011111111111111111111111111
1111111111111111111111111100011111100011111111111111111111111111
1111111111111111111111111110111111110111111111111111111111111111
1111111111111111111111111111111111111111111111111111111111111111