1111111111111111111111111110000000000111111111111111111111111111
1111111111111111111111100000000000000000011111111111111111111111
1111111111111111111100000000000000000000000011111111111111111111
1111111111111111110000000000000000000000000000111111111111111111
1111111111111111000000000000000000000000000000001111111111111111
1111111111111110000000000000000000000000000000000011111111111111
1111111111111000000000000000001111000000000000000001111111111111
1111111111110000000000000111111111111111000000000000011111111111
1111111111100000000000111111111111111111110000000000001111111111
1111111111000000000011111111111111111111111100000000000111111111
1111111110000000001111111111111111111111111111000000000011111111
1111111100000000011111111111111111111111111111110000000001111111
1111111000000000111111111111111111111111111111111000000001111111
1111110000000011111111111111111111111111111111111100000000111111
1111110000000111111111111111111111111111111111111110000000011111
1111100000000111111111111111111111111111111111111111000000011111
1111000000001111111111111111000000011100011111111111000000001111
1111000000011111111111111100000000000000011111111111100000001111
1110000000111111111111111000000000000000011111111111110000000111
1110000000111111111111110000000000000000011111111111110000000111
1100000001111111111111110000001110000000011111111111111000000011
1100000001111111111111100000011111000000111111111111111000000011
1100000011111111111111100000111111000000111111111111111100000001
1000000011111111111111100000011111100000111111111111111100000001
1000000011111111111111100000011111100000111111111111111110000001
1000000111111111111111100000011111000000111111111111111110000001
1000000111111111111111110000001111000001111111111111111110000000
1000000111111111111111110000000000000001111111111111111110000000
0000000111111111111111111000000000000011111111111111111111000000
0000000111111111111111111100000000000111111111111111111111000000
0000000111111111111111111110000000001111111111111111111111000000
0000000111111111111111111100000001111111111111111111111111000000
0000000111111111111111111100000011111111111111111111111111000000
0000000111111111111111111100000111111111111111111111111111000000
0000000111111111111111111100000111111111111111111111111111000000
0000000111111111111111111100000011111111111111111111111111000000
1000000111111111111111111110000000011111111111111111111110000000
1000000111111111111111111110000000000011111111111111111110000000
1000000111111111111111111000000000000001111111111111111110000001
1000000011111111111111110000000000000000111111111111111110000001
1000000011111111111111110000001111000000011111111111111100000001
1100000011111111111111100000111111110000011111111111111100000001
1100000001111111111111100000111111110000011111111111111000000011
1100000001111111111111100000111111110000011111111111111000000011
1110000000111111111111100000011111100000011111111111110000000111
1110000000111111111111100000000000000000011111111111110000000111
1111000000011111111111110000000000000000111111111111100000000111
1111000000001111111111111000000000000001111111111111100000001111
1111100000000111111111111110000000000111111111111111000000011111
1111100000000111111111111111110000111111111111111110000000011111
1111110000000011111111111111111111111111111111111100000000111111
1111111000000001111111111111111111111111111111111000000001111111
1111111100000000011111111111111111111111111111110000000001111111
1111111110000000001111111111111111111111111111000000000011111111
1111111111000000000011111111111111111111111100000000000111111111
1111111111100000000000111111111111111111110000000000001111111111
1111111111110000000000000111111111111111000000000000011111111111
1111111111111000000000000000001111000000000000000001111111111111
1111111111111110000000000000000000000000000000000011111111111111
1111111111111111000000000000000000000000000000001111111111111111
1111111111111111110000000000000000000000000000111111111111111111
1111111111111111111100000000000000000000000011111111111111111111
1111111111111111111111100000000000000000011111111111111111111111
1111111111111111111111111110000000000111111111111111111111111111
