1111111111111000111110000111111111111111111111111111111111111111
1111111111111000011110000111111111111111111111111111111111111111
1111111111111000011110000111111111111111111111111111111111111111
1111111111111100011110001111111111111111111111111111111111111111
1111111111111100001100001111111111111111111111111111111111111111
1111111111111100001100001111111111111111111111111111111111111111
1111111111111100001100011111101111111111111111111111111111111111
1111111111111110001000011110000001111100011100011111111111111111
1111111111111110000000011100000000111100011100011111111111111111
1111111111111110000000111000000000111100011100011111111111111111
1111111111111111000000111000011000011100011100011111111111111111
1111111111111111000000111000011000011100011100011111111111111111
1111111111111111000000111000011000011100011100011111111111111111
1111111111111111100001111000011000011100011100011111111111111111
1111111111111111100001111000011000011100011100011111111111111111
1111111111111111100001111000011000011100011100011111111111111111
1111111111111111100001111000011000011100011100011111111111111111
1111111111111111100001111000011000011100011100011111111111111111
1111111111111111100001111000011000011100011100011111111111111111
1111111111111111100001111000011000011100011100011111111111111111
1111111111111111100001111000011000011100011100011111111111111111
1111111111111111100001111000011000011100000000011111111111111111
1111111111111111100001111000000000111100000000011111111111111111
1111111111111111100001111100000000111100000100011111111111111111
1111111111111111100001111110000011111110001100011111111111111111
1111111111111111111111111111111111111111111111111111111111111111
1111111111111111111111111111111111111111111111111111111111111111
1111111111111111111111111111111111111111111111111111111111111111
1111111111111111111111111111111111111111111111111111111111111111
1111111110000000000000000000000000000000000000000000000111111111
1111111100000000000000000000000000000000000000000000000011111111
1111110000000000000000000000000000000000000000000000000000111111
1111110000000000000000000000000000000000000000000000000000111111
1111100000000000000000000000000000000000000000000000000000011111
1111100000000000000000000000000000000000000000000000000000011111
1111100000111111111110000000000000111000000000000000000000011111
1111000000111111111110000000000001111000000000000000000000001111
1111000000111111111110000000000000111000000000000000000000001111
1111000000000011100000000000000001111000000000000000000000001111
1111000000000011100000000000000001111000000000000000000000001111
1111000000000011100000000000000001111000000000000110000000001111
1111000000000011100001110001110001111011100000011111100000001111
1111000000000011100001110001110000111111110000111111110000001111
1111000000000011100001110001110001111001111001111011110000001111
1111000000000011100001110001110001111001111001110001110000001111
1111000000000011100001110001110000111001111001110001110000001111
1111000000000011100001110001110001111001110001110001110000001111
1111000000000011100001110001110001111001111001111111111000001111
1111000000000011100001110001110001111001110001111111111000001111
1111000000000011100001110001110001111001111001111111110000001111
1111000000000011100001110001110001111001111001110000000000001111
1111000000000011100001110001110001111001111001110000000000001111
1111000000000011100001110001110001111001111001110001111000001111
1111000000000011100001110001110000111001111001110001110000001111
1111000000000011100001110001110001111001111001111001110000001111
1111000000000011100001111111110001111101111001111111110000001111
1111100000000011100001111111110001111111110000111111110000011111
1111100000000011100000111101110001111111110000011111100000011111
1111100000000000000000000000000000000000000000000000000000011111
1111100000000000000000000000000000000000000000000000000000011111
1111110000000000000000000000000000000000000000000000000000111111
1111111000000000000000000000000000000000000000000000000001111111
1111111100000000000000000000000000000000000000000000000011111111
1111111111000000000000000000000000000000000000000000001111111111
