1111111111111111111111111111111111111111111111111111111111111111
1111111111111111111111111111111111111111111111111111111111111111
1111111111111111111111111111111111111111111111111111111111111111
1111111111111111111111111111111111111111111111111111111111111111
1111111111111111111111111111111111111111111111111111111111111111
1111111111111111111111111111111111111111111111111111111111111111
1111111111111111111111111111111111111111111111111111111111111111
1111111111111111111111111111111111111111111111111111111111111111
1111111111111111111111111111111111111111111111111111111111111111
1111111111111111111111111111111111111111111111111111111111111111
1111111111111111111111111111111111111111111111111111111111111111
1111111111111111111111111111111111111111111111111111111111111111
1111111111111111111111111111111111111111111111111111111111111111
1111111111111111111111111111111111111111111111111111111111111111
1111111111111111111111111111111111111111111111111111111111111111
1111111111111111111111111111111111111111111111111111111111111111
1111111111111111111111111111111111111111111111111111111111111111
1111111111111111111111111000011111111111111111111111111111111111
1111111111111111111111100000011111111111111111111111111111111111
1111111111111111111111000000011111111111111111111111111111111111
1111111111111111111100000000011111111111111111111111111111111111
1111111111111111111000000000011111111111111111111111111111111111
1111111111111111100000001000011111111111111111111111111111111111
1111111111111111100000111000011111111111111111111111111111111111
1111111111111111100001111000011111111111111111111111111111111111
1111111111111111100111111000011111111111111111111111111111111111
1111111111111111111111111000011111111111111111111111111111111111
1111111111111111111111111000011111111111111111111111111111111111
1111111111111111111111111000011111111111111111111111111111111111
1111111111111111111111111000011111111111111111111111111111111111
1111111111111111111111111000011111111111111111111111111111111111
1111111111111111111111111000011111111111111111111111111111111111
1111111111111111111111111000011111111111111111111111111111111111
1111111111111111111111111000011111111111111111111111111111111111
1111111111111111111111111000011111111111111111111111111111111111
1111111111111111111111111000011111111111111111111111111111111111
1111111111111111111111111000011111111111111111111111111111111111
1111111111111111111111111000011111111111111111111111111111111111
1111111111111111111111111000011111111111111111111111111111111111
1111111111111111111111111000011111111111111111111111111111111111
1111111111111111111111111000011111111111111111111111111111111111
1111111111111111111111111000011111111111111111111111111111111111
1111111111111111111111111000011111111111111111111111111111111111
1111111111111111111111111000011111111111111111111111111111111111
1111111111111111111111111000011111111111111111111111111111111111
1111111111111111111111111000011111111111111111111111111111111111
1111111111111111100000000000000000001111111111111111111111111111
1111111111111111100000000000000000001111111111111111111111111111
1111111111111111100000000000000000001111111111111111111111111111
1111111111111111100000000000000000001111111111111111111111111111
1111111111111111111111111111111111111111111111111111111111111111
1111111111111111111111111111111111111111111111111111111111111111
1111111111111111111111111111111111111111111111111111111111111111
1111111111111111111111111111111111111111111111111111111111111111
1111111111111111111111111111111111111111111111111111111111111111
1111111111111111111111111111111111111111111111111111111111111111
1111111111111111111111111111111111111111111111111111111111111111
1111111111111111111111111111111111111111111111111111111111111111
1111111111111111111111111111111111111111111111111111111111111111
1111111111111111111111111111111111111111111111111111111111111111
1111111111111111111111111111111111111111111111111111111111111111
1111111111111111111111111111111111111111111111111111111111111111
1111111111111111111111111111111111111111111111111111111111111111
1111111111111111111111111111111111111111111111111111111111111111